[Setup]
	STARTTIME = 20160101T00:00:00
	ENDTIME = 20160103T00:00:00
	SITENAME = site_mtHopkins
        LATITUDE = 31.680407 # deg N
        LONGITUDE = -110.878977 # deg E
        ELEVATION = 2316.0 # m 